1: 98
2: 97
3: 80
4: 60
5: 29
6: 53
7: 54
8: 94
9: 96
10: 50
11: 59
12: 99
13: 57 95
14: 85 93
15: 18 76
16: 48 78
17: 74 79
18: 15 81
19: 20 81
20: 19 28
21: 69 89
22: 49 55
23: 71 96
24: 51 65
25: 64 85
26: 61 92
27: 59 62
28: 20 99
29: 5 80 98
30: 52 95 97
31: 71 90 93
32: 44 46 55
33: 39 81 91
34: 55 75 87
35: 64 70 75
36: 40 56 79
37: 73 80 87
38: 56 63 85
39: 33 62 69
40: 36 58 87
41: 72 95 100
42: 46 97 100
43: 66 82 100
44: 32 75 91 98
45: 74 82 90 98
46: 32 42 81 93
47: 65 78 84 97
48: 16 60 82 94
49: 22 57 68 73
50: 10 72 73 96
51: 24 57 72 86
52: 30 74 84 87
53: 6 66 69 85
54: 7 83 86 89
55: 22 32 34 70
56: 36 38 84 96
57: 13 49 51 64
58: 40 92 97 100
59: 11 27 94 100
60: 4 48 76 99
61: 26 73 85 99
62: 27 39 94 99
63: 38 68 86 90 98
64: 25 35 57 74 93
65: 24 47 77 84 93
66: 43 53 75 82 86
67: 69 70 73 80 97
68: 49 63 86 88 91
69: 21 39 53 67 78
70: 35 55 67 87 92
71: 23 31 72 74 88
72: 41 50 51 71 88
73: 37 49 50 61 67
74: 17 45 52 64 71
75: 34 35 44 66 83
76: 15 60 77 95 99
77: 65 76 82 96 100
78: 16 47 69 84 100
79: 17 36 83 96 99
80: 3 29 37 67 98 100
81: 18 19 33 46 85 95
82: 43 45 48 66 77 83
83: 54 75 79 82 89 91
84: 47 52 56 65 78 88
85: 14 25 38 53 61 81
86: 51 54 63 66 68 94
87: 34 37 40 52 70 89
88: 68 71 72 84 89 90
89: 21 54 83 87 88 94
90: 31 45 63 88 92 97
91: 33 44 68 83 92 96
92: 26 58 70 90 91 100
93: 14 31 46 64 65 99
94: 8 48 59 62 86 89 98
95: 13 30 41 76 81 98 99
96: 9 23 50 56 77 79 91
97: 2 30 42 47 58 67 90
98: 1 29 44 45 63 80 94 95
99: 12 28 60 61 62 76 79 93 95
100: 41 42 43 58 59 77 78 80 92