1: 15 17 19
2: 4 10 29
3: 5 16 24
4: 2 11 24
5: 3 17 21
6: 9 12 23
7: 8 20 23
8: 7 9 22
9: 6 8 13
10: 2 27 35
11: 4 16 35
12: 6 18 40
13: 9 14 40
14: 13 22 34
15: 1 18 38
16: 3 11 39
17: 1 5 39
18: 12 15 33
19: 1 21 33
20: 7 28 31
21: 5 19 32
22: 8 14 31
23: 6 7 33
24: 3 4 32
25: 26 34 35
26: 25 36 37
27: 10 31 34
28: 20 32 33
29: 2 31 32
30: 36 37 38
31: 20 22 27 29
32: 21 24 28 29
33: 18 19 23 28
34: 14 25 27 37
35: 10 11 25 36
36: 26 30 35 39
37: 26 30 34 40
38: 15 30 39 40
39: 16 17 36 38
40: 12 13 37 38