1: 2 3 4 5 6 7 8 9
2: 1 44 53 54 61 62 77 78
3: 1 43 51 52 63 64 75 76
4: 1 28 35 39 55 66 72 74
5: 1 27 36 40 56 65 71 73
6: 1 32 38 41 58 59 67 80
7: 1 31 37 42 57 60 68 79
8: 1 25 29 33 46 48 50 69
9: 1 26 30 34 45 47 49 70
10: 15 18 49 50 55 56 79 80
11: 16 23 47 51 67 69 73 77
12: 17 24 48 52 68 70 74 78
13: 19 22 46 54 67 70 72 75
14: 20 21 45 53 68 69 71 76
15: 10 16 17 44 57 58 71 72
16: 11 15 21 38 61 65 74 75
17: 12 15 22 37 62 66 73 76
18: 10 19 20 43 59 60 73 74
19: 13 18 23 39 58 65 76 78
20: 14 18 24 40 57 66 75 77
21: 14 16 22 36 59 63 78 79
22: 13 17 21 35 60 64 77 80
23: 11 19 24 41 62 64 71 79
24: 12 20 23 42 61 63 72 80
25: 8 42 44 55 59 64 65 70
26: 9 41 44 56 60 63 66 69
27: 5 34 35 43 58 61 69 79
28: 4 33 36 43 57 62 70 80
29: 8 31 38 43 49 66 71 78
30: 9 32 37 43 50 65 72 77
31: 7 29 34 40 44 74 76 80
32: 6 30 33 39 44 73 75 79
33: 8 28 32 34 51 54 56 68
34: 9 27 31 33 52 53 55 67
35: 4 22 27 38 44 47 50 68
36: 5 21 28 37 44 48 49 67
37: 7 17 30 36 38 54 55 69
38: 6 16 29 35 37 53 56 70
39: 4 19 32 40 42 49 52 69
40: 5 20 31 39 41 50 51 70
41: 6 23 26 40 43 46 55 68
42: 7 24 25 39 43 45 56 67
43: 3 18 27 28 29 30 41 42
44: 2 15 25 26 31 32 35 36
45: 9 14 42 46 51 58 62 74
46: 8 13 41 45 52 57 61 73
47: 9 11 35 48 54 57 59 76
48: 8 12 36 47 53 58 60 75
49: 9 10 29 36 39 61 64 68
50: 8 10 30 35 40 62 63 67
51: 3 11 33 40 45 60 72 78
52: 3 12 34 39 46 59 71 77
53: 2 14 34 38 48 64 72 73
54: 2 13 33 37 47 63 71 74
55: 4 10 25 34 37 41 75 78
56: 5 10 26 33 38 42 76 77
57: 7 15 20 28 46 47 64 78
58: 6 15 19 27 45 48 63 77
59: 6 18 21 25 47 52 62 72
60: 7 18 22 26 48 51 61 71
61: 2 16 24 27 46 49 60 76
62: 2 17 23 28 45 50 59 75
63: 3 21 24 26 50 54 58 73
64: 3 22 23 25 49 53 57 74
65: 5 16 19 25 30 66 68 80
66: 4 17 20 26 29 65 67 79
67: 6 11 13 34 36 42 50 66
68: 7 12 14 33 35 41 49 65
69: 8 11 14 26 27 37 39 80
70: 9 12 13 25 28 38 40 79
71: 5 14 15 23 29 52 54 60
72: 4 13 15 24 30 51 53 59
73: 5 11 17 18 32 46 53 63
74: 4 12 16 18 31 45 54 64
75: 3 13 16 20 32 48 55 62
76: 3 14 17 19 31 47 56 61
77: 2 11 20 22 30 52 56 58
78: 2 12 19 21 29 51 55 57
79: 7 10 21 23 27 32 66 70
80: 6 10 22 24 28 31 65 69