1: 2 3 4 5
2: 1 69 70 71
3: 1 72 73 74
4: 1 76 78 80
5: 1 75 77 79
6: 33 60 61 62
7: 33 65 66 68
8: 33 63 64 67
9: 36 42 43 60
10: 37 46 47 60
11: 37 52 53 68
12: 37 54 55 67
13: 36 48 49 68
14: 36 50 51 67
15: 38 54 58 61
16: 39 55 59 62
17: 39 47 57 66
18: 38 46 56 65
19: 38 44 53 63
20: 39 45 52 64
21: 41 48 56 62
22: 40 49 57 61
23: 41 44 50 66
24: 40 45 51 65
25: 41 43 58 64
26: 40 42 59 63
27: 34 47 51 58
28: 35 46 50 59
29: 35 45 48 54
30: 34 44 49 55
31: 35 43 53 57
32: 34 42 52 56
33: 6 7 8 69
34: 27 30 32 69
35: 28 29 31 69
36: 9 13 14 71
37: 10 11 12 70
38: 15 18 19 71
39: 16 17 20 71
40: 22 24 26 70
41: 21 23 25 70
42: 9 26 32 79
43: 9 25 31 80
44: 19 23 30 72
45: 20 24 29 72
46: 10 18 28 77
47: 10 17 27 78
48: 13 21 29 78
49: 13 22 30 77
50: 14 23 28 76
51: 14 24 27 75
52: 11 20 32 76
53: 11 19 31 75
54: 12 15 29 79
55: 12 16 30 80
56: 18 21 32 74
57: 17 22 31 74
58: 15 25 27 73
59: 16 26 28 73
60: 6 9 10 72
61: 6 15 22 76
62: 6 16 21 75
63: 8 19 26 78
64: 8 20 25 77
65: 7 18 24 80
66: 7 17 23 79
67: 8 12 14 74
68: 7 11 13 73
69: 2 33 34 35
70: 2 37 40 41
71: 2 36 38 39
72: 3 44 45 60
73: 3 58 59 68
74: 3 56 57 67
75: 5 51 53 62
76: 4 50 52 61
77: 5 46 49 64
78: 4 47 48 63
79: 5 42 54 66
80: 4 43 55 65