NB_VERTICES: 812
NB_EDGES: 130

52 54
55 56
76 77
78 81
80 81
114 115
116 119
118 119
141 142
143 146
145 146
152 154
155 156
159 647
160 648
170 649
171 650
172 173
172 651
173 652
174 177
174 653
175 654
176 177
176 655
177 656
183 184
185 188
187 188
189 657
190 658
191 659
194 195
196 199
198 199
200 660
205 206
207 210
209 210
232 686
233 687
249 250
251 254
253 254
272 273
274 277
276 277
280 281
282 285
284 285
289 291
292 293
298 299
300 303
302 303
347 348
349 352
351 352
355 356
357 360
359 360
361 716
362 717
415 423
416 424
417 418
417 425
418 426
419 422
419 427
420 428
421 422
421 429
422 430
425 426
427 430
429 430
436 437
438 441
440 441
444 445
446 449
448 449
458 459
460 463
462 463
473 475
476 477
485 487
488 489
493 495
496 497
511 512
513 516
515 516
531 533
532 534
559 560
561 564
563 564
574 576
577 578
594 595
596 599
598 599
600 602
603 604
618 619
634 635
636 639
638 639
640 642
643 644
651 652
653 656
655 656
674 676
677 678
702 703
704 707
706 707
710 711
712 715
714 715
745 746
747 750
749 750
763 764
765 768
767 768